1	4468	0.17	9a744e61-81ba-4304-8c25-fc0971bc78b7
1	5259	0.89	9a744e61-81ba-4304-8c25-fc0971bc78b7
1	7119	0.18	9a744e61-81ba-4304-8c25-fc0971bc78b7
1	7737	0.59	9a744e61-81ba-4304-8c25-fc0971bc78b7
1	7929	0.33	9a744e61-81ba-4304-8c25-fc0971bc78b7
1	8538	0.9	9a744e61-81ba-4304-8c25-fc0971bc78b7
1	10071	0.21	9a744e61-81ba-4304-8c25-fc0971bc78b7
1	10323	0.5	9a744e61-81ba-4304-8c25-fc0971bc78b7
1	10339	0.54	9a744e61-81ba-4304-8c25-fc0971bc78b7
1	10344	0.41	9a744e61-81ba-4304-8c25-fc0971bc78b7
1	11148	0.44	9a744e61-81ba-4304-8c25-fc0971bc78b7
1	11426	0.99	9a744e61-81ba-4304-8c25-fc0971bc78b7
1	11516	0.77	9a744e61-81ba-4304-8c25-fc0971bc78b7
1	11813	0.91	9a744e61-81ba-4304-8c25-fc0971bc78b7
1	12412	0.96	9a744e61-81ba-4304-8c25-fc0971bc78b7
1	14926	0.9	9a744e61-81ba-4304-8c25-fc0971bc78b7
1	15028	0.98	9a744e61-81ba-4304-8c25-fc0971bc78b7
1	15352	0.66	9a744e61-81ba-4304-8c25-fc0971bc78b7
1	15817	0.86	9a744e61-81ba-4304-8c25-fc0971bc78b7
1	17360	0.66	9a744e61-81ba-4304-8c25-fc0971bc78b7
1	17908	0.91	9a744e61-81ba-4304-8c25-fc0971bc78b7
1	18274	0.5	9a744e61-81ba-4304-8c25-fc0971bc78b7
1	18723	0.45	9a744e61-81ba-4304-8c25-fc0971bc78b7
1	19016	0.97	9a744e61-81ba-4304-8c25-fc0971bc78b7
1	19957	0.23	9a744e61-81ba-4304-8c25-fc0971bc78b7
1	21098	0.57	9a744e61-81ba-4304-8c25-fc0971bc78b7
1	21442	0.98	9a744e61-81ba-4304-8c25-fc0971bc78b7
1	21867	0.9	9a744e61-81ba-4304-8c25-fc0971bc78b7
1	22065	0.92	9a744e61-81ba-4304-8c25-fc0971bc78b7
1	22507	0.11	9a744e61-81ba-4304-8c25-fc0971bc78b7
1	22735	0.53	9a744e61-81ba-4304-8c25-fc0971bc78b7
1	23486	0.99	9a744e61-81ba-4304-8c25-fc0971bc78b7
1	23806	0.78	9a744e61-81ba-4304-8c25-fc0971bc78b7
1	24446	0.96	9a744e61-81ba-4304-8c25-fc0971bc78b7
1	25351	0.97	9a744e61-81ba-4304-8c25-fc0971bc78b7
1	25559	0.97	9a744e61-81ba-4304-8c25-fc0971bc78b7
1	26402	0.96	9a744e61-81ba-4304-8c25-fc0971bc78b7
1	26538	0.21	9a744e61-81ba-4304-8c25-fc0971bc78b7
1	27001	0.99	9a744e61-81ba-4304-8c25-fc0971bc78b7
1	27029	0.8	9a744e61-81ba-4304-8c25-fc0971bc78b7
1	27804	0.97	9a744e61-81ba-4304-8c25-fc0971bc78b7
1	30779	0.96	9a744e61-81ba-4304-8c25-fc0971bc78b7
1	31419	0.9	9a744e61-81ba-4304-8c25-fc0971bc78b7
1	31685	0.89	9a744e61-81ba-4304-8c25-fc0971bc78b7
1	32104	0.26	9a744e61-81ba-4304-8c25-fc0971bc78b7
1	4469	0.85	c0ea28d2-c8f8-4c69-a5ab-bd82e4952492
1	5260	0.94	c0ea28d2-c8f8-4c69-a5ab-bd82e4952492
1	6540	0.97	c0ea28d2-c8f8-4c69-a5ab-bd82e4952492
1	7120	0.05	c0ea28d2-c8f8-4c69-a5ab-bd82e4952492
1	7738	0.69	c0ea28d2-c8f8-4c69-a5ab-bd82e4952492
1	8539	0.92	c0ea28d2-c8f8-4c69-a5ab-bd82e4952492
1	10072	0.62	c0ea28d2-c8f8-4c69-a5ab-bd82e4952492
1	10340	0.96	c0ea28d2-c8f8-4c69-a5ab-bd82e4952492
1	10345	0.96	c0ea28d2-c8f8-4c69-a5ab-bd82e4952492
1	11149	0.1	c0ea28d2-c8f8-4c69-a5ab-bd82e4952492
1	11427	0.98	c0ea28d2-c8f8-4c69-a5ab-bd82e4952492
1	11517	0.24	c0ea28d2-c8f8-4c69-a5ab-bd82e4952492
1	11522	0.05	c0ea28d2-c8f8-4c69-a5ab-bd82e4952492
1	11814	0.75	c0ea28d2-c8f8-4c69-a5ab-bd82e4952492
1	12413	0.83	c0ea28d2-c8f8-4c69-a5ab-bd82e4952492
1	12755	0.17	c0ea28d2-c8f8-4c69-a5ab-bd82e4952492
1	14082	0.8	c0ea28d2-c8f8-4c69-a5ab-bd82e4952492
1	14927	0.98	c0ea28d2-c8f8-4c69-a5ab-bd82e4952492
1	15029	0.66	c0ea28d2-c8f8-4c69-a5ab-bd82e4952492
1	15481	0.9	c0ea28d2-c8f8-4c69-a5ab-bd82e4952492
1	15818	0.39	c0ea28d2-c8f8-4c69-a5ab-bd82e4952492
1	17361	0.2	c0ea28d2-c8f8-4c69-a5ab-bd82e4952492
1	17909	0.95	c0ea28d2-c8f8-4c69-a5ab-bd82e4952492
1	18275	0.89	c0ea28d2-c8f8-4c69-a5ab-bd82e4952492
1	18724	0.27	c0ea28d2-c8f8-4c69-a5ab-bd82e4952492
1	19017	0.96	c0ea28d2-c8f8-4c69-a5ab-bd82e4952492
1	21099	0.09	c0ea28d2-c8f8-4c69-a5ab-bd82e4952492
1	21443	0.62	c0ea28d2-c8f8-4c69-a5ab-bd82e4952492
1	21868	0.67	c0ea28d2-c8f8-4c69-a5ab-bd82e4952492
1	22066	0.18	c0ea28d2-c8f8-4c69-a5ab-bd82e4952492
1	22736	0.93	c0ea28d2-c8f8-4c69-a5ab-bd82e4952492
1	23487	0.97	c0ea28d2-c8f8-4c69-a5ab-bd82e4952492
1	24447	0.99	c0ea28d2-c8f8-4c69-a5ab-bd82e4952492
1	25560	0.95	c0ea28d2-c8f8-4c69-a5ab-bd82e4952492
1	26403	0.13	c0ea28d2-c8f8-4c69-a5ab-bd82e4952492
1	26539	0.93	c0ea28d2-c8f8-4c69-a5ab-bd82e4952492
1	26756	0.94	c0ea28d2-c8f8-4c69-a5ab-bd82e4952492
1	27002	0.99	c0ea28d2-c8f8-4c69-a5ab-bd82e4952492
1	27030	0.41	c0ea28d2-c8f8-4c69-a5ab-bd82e4952492
1	14082	0.91	844093e1-9ebe-4f46-892e-a493fd125ad3
1	14927	0.82	844093e1-9ebe-4f46-892e-a493fd125ad3
1	15029	0.9	844093e1-9ebe-4f46-892e-a493fd125ad3
1	15353	0.89	844093e1-9ebe-4f46-892e-a493fd125ad3
1	15481	0.78	844093e1-9ebe-4f46-892e-a493fd125ad3
1	15818	0.14	844093e1-9ebe-4f46-892e-a493fd125ad3
1	16617	0.27	844093e1-9ebe-4f46-892e-a493fd125ad3
1	17909	0.27	844093e1-9ebe-4f46-892e-a493fd125ad3
1	19017	0.99	844093e1-9ebe-4f46-892e-a493fd125ad3
1	19958	0.54	844093e1-9ebe-4f46-892e-a493fd125ad3
1	21099	0.89	844093e1-9ebe-4f46-892e-a493fd125ad3
1	21443	0.99	844093e1-9ebe-4f46-892e-a493fd125ad3
1	21868	0.92	844093e1-9ebe-4f46-892e-a493fd125ad3
1	22066	0.98	844093e1-9ebe-4f46-892e-a493fd125ad3
1	22508	0.71	844093e1-9ebe-4f46-892e-a493fd125ad3
1	22736	0.96	844093e1-9ebe-4f46-892e-a493fd125ad3
1	23487	0.53	844093e1-9ebe-4f46-892e-a493fd125ad3
1	25352	0.92	844093e1-9ebe-4f46-892e-a493fd125ad3
1	25560	0.99	844093e1-9ebe-4f46-892e-a493fd125ad3
1	26403	0.92	844093e1-9ebe-4f46-892e-a493fd125ad3
1	26539	0.75	844093e1-9ebe-4f46-892e-a493fd125ad3
1	26756	0.64	844093e1-9ebe-4f46-892e-a493fd125ad3
1	27002	0.95	844093e1-9ebe-4f46-892e-a493fd125ad3
1	27030	0.69	844093e1-9ebe-4f46-892e-a493fd125ad3
1	27805	0.87	844093e1-9ebe-4f46-892e-a493fd125ad3
1	28385	0.91	844093e1-9ebe-4f46-892e-a493fd125ad3
1	30780	0.77	844093e1-9ebe-4f46-892e-a493fd125ad3
1	31420	0.99	844093e1-9ebe-4f46-892e-a493fd125ad3
1	32105	0.97	844093e1-9ebe-4f46-892e-a493fd125ad3
1	33531	0.89	844093e1-9ebe-4f46-892e-a493fd125ad3
1	33614	0.98	844093e1-9ebe-4f46-892e-a493fd125ad3
1	35032	0.83	844093e1-9ebe-4f46-892e-a493fd125ad3
1	35119	0.98	844093e1-9ebe-4f46-892e-a493fd125ad3
1	35244	0.87	844093e1-9ebe-4f46-892e-a493fd125ad3
1	35359	0.74	844093e1-9ebe-4f46-892e-a493fd125ad3
1	35455	0.89	844093e1-9ebe-4f46-892e-a493fd125ad3
1	35560	0.98	844093e1-9ebe-4f46-892e-a493fd125ad3
1	35945	0.28	844093e1-9ebe-4f46-892e-a493fd125ad3
1	37207	0.81	844093e1-9ebe-4f46-892e-a493fd125ad3
1	37732	0.95	844093e1-9ebe-4f46-892e-a493fd125ad3
1	38755	0.82	844093e1-9ebe-4f46-892e-a493fd125ad3
1	39277	0.94	844093e1-9ebe-4f46-892e-a493fd125ad3
1	40228	0.5	844093e1-9ebe-4f46-892e-a493fd125ad3
1	40790	0.98	844093e1-9ebe-4f46-892e-a493fd125ad3
1	40870	0.48	844093e1-9ebe-4f46-892e-a493fd125ad3
1	41171	0.99	844093e1-9ebe-4f46-892e-a493fd125ad3
1	41421	0.81	844093e1-9ebe-4f46-892e-a493fd125ad3
1	41825	0.96	844093e1-9ebe-4f46-892e-a493fd125ad3
1	41845	0.99	844093e1-9ebe-4f46-892e-a493fd125ad3
1	42057	0.99	844093e1-9ebe-4f46-892e-a493fd125ad3
1	42554	0.92	844093e1-9ebe-4f46-892e-a493fd125ad3
1	42565	0.86	844093e1-9ebe-4f46-892e-a493fd125ad3
1	43104	0.84	844093e1-9ebe-4f46-892e-a493fd125ad3
1	43160	0.89	844093e1-9ebe-4f46-892e-a493fd125ad3
1	43544	0.64	844093e1-9ebe-4f46-892e-a493fd125ad3
1	43975	0.67	844093e1-9ebe-4f46-892e-a493fd125ad3
1	44242	0.96	844093e1-9ebe-4f46-892e-a493fd125ad3
1	44299	0.77	844093e1-9ebe-4f46-892e-a493fd125ad3
1	44380	0.95	844093e1-9ebe-4f46-892e-a493fd125ad3
1	45640	0.94	844093e1-9ebe-4f46-892e-a493fd125ad3
1	46182	0.98	844093e1-9ebe-4f46-892e-a493fd125ad3
1	46214	0.56	844093e1-9ebe-4f46-892e-a493fd125ad3
1	46405	0.97	844093e1-9ebe-4f46-892e-a493fd125ad3
1	47509	0.89	844093e1-9ebe-4f46-892e-a493fd125ad3
1	48463	0.96	844093e1-9ebe-4f46-892e-a493fd125ad3
1	49082	0.81	844093e1-9ebe-4f46-892e-a493fd125ad3
1	49685	0.81	844093e1-9ebe-4f46-892e-a493fd125ad3
1	50037	0.21	844093e1-9ebe-4f46-892e-a493fd125ad3
1	50596	0.18	844093e1-9ebe-4f46-892e-a493fd125ad3
1	50645	0.11	844093e1-9ebe-4f46-892e-a493fd125ad3
1	50753	0.34	844093e1-9ebe-4f46-892e-a493fd125ad3
1	52179	0.76	844093e1-9ebe-4f46-892e-a493fd125ad3
1	52329	0.76	844093e1-9ebe-4f46-892e-a493fd125ad3
1	52731	0.22	844093e1-9ebe-4f46-892e-a493fd125ad3
1	52996	0.85	844093e1-9ebe-4f46-892e-a493fd125ad3
1	53266	0.69	844093e1-9ebe-4f46-892e-a493fd125ad3
1	53440	0.88	844093e1-9ebe-4f46-892e-a493fd125ad3
1	53482	0.94	844093e1-9ebe-4f46-892e-a493fd125ad3
1	54021	0.88	844093e1-9ebe-4f46-892e-a493fd125ad3
1	54109	0.94	844093e1-9ebe-4f46-892e-a493fd125ad3
1	54166	0.98	844093e1-9ebe-4f46-892e-a493fd125ad3
1	54770	0.91	844093e1-9ebe-4f46-892e-a493fd125ad3
1	55236	0.88	844093e1-9ebe-4f46-892e-a493fd125ad3
1	56137	0.89	844093e1-9ebe-4f46-892e-a493fd125ad3
1	56314	0.98	844093e1-9ebe-4f46-892e-a493fd125ad3
1	56556	0.58	844093e1-9ebe-4f46-892e-a493fd125ad3
1	56649	0.99	844093e1-9ebe-4f46-892e-a493fd125ad3
1	57199	0.58	844093e1-9ebe-4f46-892e-a493fd125ad3
1	57457	0.95	844093e1-9ebe-4f46-892e-a493fd125ad3
1	57497	0.26	844093e1-9ebe-4f46-892e-a493fd125ad3
1	57709	0.81	844093e1-9ebe-4f46-892e-a493fd125ad3
1	58088	0.9	844093e1-9ebe-4f46-892e-a493fd125ad3
1	58102	0.05	844093e1-9ebe-4f46-892e-a493fd125ad3
1	58204	0.61	844093e1-9ebe-4f46-892e-a493fd125ad3
1	58941	0.47	844093e1-9ebe-4f46-892e-a493fd125ad3
1	59114	0.67	844093e1-9ebe-4f46-892e-a493fd125ad3
1	59332	0.54	844093e1-9ebe-4f46-892e-a493fd125ad3
1	59586	0.1	844093e1-9ebe-4f46-892e-a493fd125ad3
1	59885	0.84	844093e1-9ebe-4f46-892e-a493fd125ad3
1	60370	0.98	844093e1-9ebe-4f46-892e-a493fd125ad3
1	60441	0.95	844093e1-9ebe-4f46-892e-a493fd125ad3
1	61247	0.99	844093e1-9ebe-4f46-892e-a493fd125ad3
1	61874	0.85	844093e1-9ebe-4f46-892e-a493fd125ad3
1	62031	0.99	844093e1-9ebe-4f46-892e-a493fd125ad3
1	62064	0.89	844093e1-9ebe-4f46-892e-a493fd125ad3
1	62521	0.86	844093e1-9ebe-4f46-892e-a493fd125ad3
1	62827	0.62	844093e1-9ebe-4f46-892e-a493fd125ad3
1	63298	0.1	844093e1-9ebe-4f46-892e-a493fd125ad3
1	63311	0.84	844093e1-9ebe-4f46-892e-a493fd125ad3
1	63864	0.04	844093e1-9ebe-4f46-892e-a493fd125ad3
1	63900	0.84	844093e1-9ebe-4f46-892e-a493fd125ad3
1	64340	0.95	844093e1-9ebe-4f46-892e-a493fd125ad3
1	64580	0.63	844093e1-9ebe-4f46-892e-a493fd125ad3
1	64902	0.84	844093e1-9ebe-4f46-892e-a493fd125ad3
1	65005	0.67	844093e1-9ebe-4f46-892e-a493fd125ad3
1	65117	0.92	844093e1-9ebe-4f46-892e-a493fd125ad3
1	65282	0.9	844093e1-9ebe-4f46-892e-a493fd125ad3
1	65520	0.86	844093e1-9ebe-4f46-892e-a493fd125ad3
1	65716	0.41	844093e1-9ebe-4f46-892e-a493fd125ad3
1	65720	0.35	844093e1-9ebe-4f46-892e-a493fd125ad3
1	66015	0.34	844093e1-9ebe-4f46-892e-a493fd125ad3
1	66024	0.97	844093e1-9ebe-4f46-892e-a493fd125ad3
1	67852	0.39	844093e1-9ebe-4f46-892e-a493fd125ad3
1	68023	0.72	844093e1-9ebe-4f46-892e-a493fd125ad3
1	68409	0.42	844093e1-9ebe-4f46-892e-a493fd125ad3
1	68463	0.9	844093e1-9ebe-4f46-892e-a493fd125ad3
1	68879	0.58	844093e1-9ebe-4f46-892e-a493fd125ad3
1	69016	0.51	844093e1-9ebe-4f46-892e-a493fd125ad3
1	69392	0.84	844093e1-9ebe-4f46-892e-a493fd125ad3
1	69821	0.34	844093e1-9ebe-4f46-892e-a493fd125ad3
1	69888	0.96	844093e1-9ebe-4f46-892e-a493fd125ad3
1	70368	0.86	844093e1-9ebe-4f46-892e-a493fd125ad3
1	71245	0.7	844093e1-9ebe-4f46-892e-a493fd125ad3
1	71456	0.52	844093e1-9ebe-4f46-892e-a493fd125ad3
1	72476	0.43	844093e1-9ebe-4f46-892e-a493fd125ad3
1	75471	0.75	844093e1-9ebe-4f46-892e-a493fd125ad3
1	75663	0.66	844093e1-9ebe-4f46-892e-a493fd125ad3
1	76711	0.95	844093e1-9ebe-4f46-892e-a493fd125ad3
1	77637	0.93	844093e1-9ebe-4f46-892e-a493fd125ad3
1	78977	0.96	844093e1-9ebe-4f46-892e-a493fd125ad3
1	79514	0.57	844093e1-9ebe-4f46-892e-a493fd125ad3
1	80790	0.9	844093e1-9ebe-4f46-892e-a493fd125ad3
1	81717	0.19	844093e1-9ebe-4f46-892e-a493fd125ad3
1	82073	0.16	844093e1-9ebe-4f46-892e-a493fd125ad3
1	82495	0.91	844093e1-9ebe-4f46-892e-a493fd125ad3
1	82543	0.36	844093e1-9ebe-4f46-892e-a493fd125ad3
1	82898	0.24	844093e1-9ebe-4f46-892e-a493fd125ad3
1	83058	0.41	844093e1-9ebe-4f46-892e-a493fd125ad3
1	83955	0.94	844093e1-9ebe-4f46-892e-a493fd125ad3
1	84159	0.99	844093e1-9ebe-4f46-892e-a493fd125ad3
1	84751	0.72	844093e1-9ebe-4f46-892e-a493fd125ad3
1	85405	0.9	844093e1-9ebe-4f46-892e-a493fd125ad3
1	85409	0.66	844093e1-9ebe-4f46-892e-a493fd125ad3
1	86202	0.85	844093e1-9ebe-4f46-892e-a493fd125ad3
1	86735	0.65	844093e1-9ebe-4f46-892e-a493fd125ad3
1	86979	0.52	844093e1-9ebe-4f46-892e-a493fd125ad3
1	87158	0.96	844093e1-9ebe-4f46-892e-a493fd125ad3
1	87275	0.79	844093e1-9ebe-4f46-892e-a493fd125ad3
1	87566	0.97	844093e1-9ebe-4f46-892e-a493fd125ad3
1	88109	0.19	844093e1-9ebe-4f46-892e-a493fd125ad3
1	88264	0.87	844093e1-9ebe-4f46-892e-a493fd125ad3
1	88593	0.79	844093e1-9ebe-4f46-892e-a493fd125ad3
1	88613	0.34	844093e1-9ebe-4f46-892e-a493fd125ad3
1	89386	0.92	844093e1-9ebe-4f46-892e-a493fd125ad3
1	89557	0.54	844093e1-9ebe-4f46-892e-a493fd125ad3
1	89788	0.97	844093e1-9ebe-4f46-892e-a493fd125ad3
1	90375	0.67	844093e1-9ebe-4f46-892e-a493fd125ad3
1	91182	0.64	844093e1-9ebe-4f46-892e-a493fd125ad3
1	91668	0.86	844093e1-9ebe-4f46-892e-a493fd125ad3
1	92767	0.87	844093e1-9ebe-4f46-892e-a493fd125ad3
1	92960	0.69	844093e1-9ebe-4f46-892e-a493fd125ad3
1	94115	0.94	844093e1-9ebe-4f46-892e-a493fd125ad3
1	94124	0.93	844093e1-9ebe-4f46-892e-a493fd125ad3
1	94136	0.89	844093e1-9ebe-4f46-892e-a493fd125ad3
1	94310	0.26	844093e1-9ebe-4f46-892e-a493fd125ad3
1	94803	0.86	844093e1-9ebe-4f46-892e-a493fd125ad3
1	95261	0.19	844093e1-9ebe-4f46-892e-a493fd125ad3
1	96743	0.76	844093e1-9ebe-4f46-892e-a493fd125ad3
1	96863	0.95	844093e1-9ebe-4f46-892e-a493fd125ad3
1	97261	0.61	844093e1-9ebe-4f46-892e-a493fd125ad3
1	97287	0.31	844093e1-9ebe-4f46-892e-a493fd125ad3
1	97675	0.92	844093e1-9ebe-4f46-892e-a493fd125ad3
1	99230	0.53	844093e1-9ebe-4f46-892e-a493fd125ad3
1	99469	0.99	844093e1-9ebe-4f46-892e-a493fd125ad3
1	99664	0.89	844093e1-9ebe-4f46-892e-a493fd125ad3
1	100280	0.22	844093e1-9ebe-4f46-892e-a493fd125ad3
1	101017	0.25	844093e1-9ebe-4f46-892e-a493fd125ad3
1	101275	0.33	844093e1-9ebe-4f46-892e-a493fd125ad3
1	101689	0.33	844093e1-9ebe-4f46-892e-a493fd125ad3
1	103044	0.7	844093e1-9ebe-4f46-892e-a493fd125ad3
1	104028	0.97	844093e1-9ebe-4f46-892e-a493fd125ad3
1	104912	0.8	844093e1-9ebe-4f46-892e-a493fd125ad3
1	105637	0.76	844093e1-9ebe-4f46-892e-a493fd125ad3
1	105874	0.92	844093e1-9ebe-4f46-892e-a493fd125ad3
1	106633	0.87	844093e1-9ebe-4f46-892e-a493fd125ad3
1	106694	0.95	844093e1-9ebe-4f46-892e-a493fd125ad3
1	106730	0.15	844093e1-9ebe-4f46-892e-a493fd125ad3
1	107125	0.98	844093e1-9ebe-4f46-892e-a493fd125ad3
1	107500	0.27	844093e1-9ebe-4f46-892e-a493fd125ad3
1	107958	0.62	844093e1-9ebe-4f46-892e-a493fd125ad3
1	108182	0.94	844093e1-9ebe-4f46-892e-a493fd125ad3
1	108647	0.44	844093e1-9ebe-4f46-892e-a493fd125ad3
1	30779	0.99	7c511e8c-7c50-4f3f-938e-fe61351f6ece
1	31685	0.89	7c511e8c-7c50-4f3f-938e-fe61351f6ece
1	34782	0.98	7c511e8c-7c50-4f3f-938e-fe61351f6ece
1	35031	0.75	7c511e8c-7c50-4f3f-938e-fe61351f6ece
1	35118	0.47	7c511e8c-7c50-4f3f-938e-fe61351f6ece
1	35243	0.72	7c511e8c-7c50-4f3f-938e-fe61351f6ece
1	35358	0.89	7c511e8c-7c50-4f3f-938e-fe61351f6ece
1	35454	0.99	7c511e8c-7c50-4f3f-938e-fe61351f6ece
1	35559	0.96	7c511e8c-7c50-4f3f-938e-fe61351f6ece
1	35944	0.77	7c511e8c-7c50-4f3f-938e-fe61351f6ece
1	33613	0.68	4ae562c5-a4d2-4e66-b77e-7dfb7f53045e
1	34782	0.7	4ae562c5-a4d2-4e66-b77e-7dfb7f53045e
1	34869	0.9	4ae562c5-a4d2-4e66-b77e-7dfb7f53045e
1	35031	0.96	4ae562c5-a4d2-4e66-b77e-7dfb7f53045e
1	35118	0.97	4ae562c5-a4d2-4e66-b77e-7dfb7f53045e
1	35243	0.71	4ae562c5-a4d2-4e66-b77e-7dfb7f53045e
1	35454	0.3	4ae562c5-a4d2-4e66-b77e-7dfb7f53045e
1	35559	0.86	4ae562c5-a4d2-4e66-b77e-7dfb7f53045e
1	35944	0.92	4ae562c5-a4d2-4e66-b77e-7dfb7f53045e
1	35967	0.17	4ae562c5-a4d2-4e66-b77e-7dfb7f53045e
1	37206	0.09	4ae562c5-a4d2-4e66-b77e-7dfb7f53045e
1	37825	0.72	4ae562c5-a4d2-4e66-b77e-7dfb7f53045e
1	38455	0.44	4ae562c5-a4d2-4e66-b77e-7dfb7f53045e
1	38754	0.98	4ae562c5-a4d2-4e66-b77e-7dfb7f53045e
1	39276	0.96	4ae562c5-a4d2-4e66-b77e-7dfb7f53045e
1	39418	0.2	4ae562c5-a4d2-4e66-b77e-7dfb7f53045e
1	40015	0.91	4ae562c5-a4d2-4e66-b77e-7dfb7f53045e
1	40227	0.87	4ae562c5-a4d2-4e66-b77e-7dfb7f53045e
1	40869	0.99	4ae562c5-a4d2-4e66-b77e-7dfb7f53045e
1	41438	0.99	4ae562c5-a4d2-4e66-b77e-7dfb7f53045e
1	41462	0.3	4ae562c5-a4d2-4e66-b77e-7dfb7f53045e
1	41844	0.97	4ae562c5-a4d2-4e66-b77e-7dfb7f53045e
1	42056	0.88	4ae562c5-a4d2-4e66-b77e-7dfb7f53045e
1	42553	0.9	4ae562c5-a4d2-4e66-b77e-7dfb7f53045e
1	42564	0.13	4ae562c5-a4d2-4e66-b77e-7dfb7f53045e
1	43103	0.97	4ae562c5-a4d2-4e66-b77e-7dfb7f53045e
1	43159	0.91	4ae562c5-a4d2-4e66-b77e-7dfb7f53045e
1	43543	0.61	4ae562c5-a4d2-4e66-b77e-7dfb7f53045e
1	43974	0.06	4ae562c5-a4d2-4e66-b77e-7dfb7f53045e
1	44298	0.75	4ae562c5-a4d2-4e66-b77e-7dfb7f53045e
1	44379	0.77	4ae562c5-a4d2-4e66-b77e-7dfb7f53045e
1	45639	0.98	4ae562c5-a4d2-4e66-b77e-7dfb7f53045e
1	46181	0.93	4ae562c5-a4d2-4e66-b77e-7dfb7f53045e
1	46213	0.9	4ae562c5-a4d2-4e66-b77e-7dfb7f53045e
1	46404	0.87	4ae562c5-a4d2-4e66-b77e-7dfb7f53045e
1	47508	0.78	4ae562c5-a4d2-4e66-b77e-7dfb7f53045e
1	48462	0.91	4ae562c5-a4d2-4e66-b77e-7dfb7f53045e
1	49453	0.26	4ae562c5-a4d2-4e66-b77e-7dfb7f53045e
1	50398	0.89	4ae562c5-a4d2-4e66-b77e-7dfb7f53045e
1	50595	0.97	4ae562c5-a4d2-4e66-b77e-7dfb7f53045e
1	50752	0.76	4ae562c5-a4d2-4e66-b77e-7dfb7f53045e
1	52165	0.68	4ae562c5-a4d2-4e66-b77e-7dfb7f53045e
1	52328	0.85	4ae562c5-a4d2-4e66-b77e-7dfb7f53045e
1	52995	0.94	4ae562c5-a4d2-4e66-b77e-7dfb7f53045e
1	53265	0.27	4ae562c5-a4d2-4e66-b77e-7dfb7f53045e
1	54165	0.4	4ae562c5-a4d2-4e66-b77e-7dfb7f53045e
1	54769	0.99	4ae562c5-a4d2-4e66-b77e-7dfb7f53045e
1	55235	0.87	4ae562c5-a4d2-4e66-b77e-7dfb7f53045e
1	55502	0.29	4ae562c5-a4d2-4e66-b77e-7dfb7f53045e
1	56136	0.13	4ae562c5-a4d2-4e66-b77e-7dfb7f53045e
1	56313	0.98	4ae562c5-a4d2-4e66-b77e-7dfb7f53045e
1	56555	0.97	4ae562c5-a4d2-4e66-b77e-7dfb7f53045e
1	56648	0.21	4ae562c5-a4d2-4e66-b77e-7dfb7f53045e
1	57496	0.48	4ae562c5-a4d2-4e66-b77e-7dfb7f53045e
1	57708	0.85	4ae562c5-a4d2-4e66-b77e-7dfb7f53045e
1	58087	0.97	4ae562c5-a4d2-4e66-b77e-7dfb7f53045e
1	58969	0.94	4ae562c5-a4d2-4e66-b77e-7dfb7f53045e
1	59113	0.86	4ae562c5-a4d2-4e66-b77e-7dfb7f53045e
1	59331	0.92	4ae562c5-a4d2-4e66-b77e-7dfb7f53045e
1	59585	0.53	4ae562c5-a4d2-4e66-b77e-7dfb7f53045e
1	59884	0.64	4ae562c5-a4d2-4e66-b77e-7dfb7f53045e
1	60369	0.36	4ae562c5-a4d2-4e66-b77e-7dfb7f53045e
1	61322	0.62	4ae562c5-a4d2-4e66-b77e-7dfb7f53045e
1	61873	0.43	4ae562c5-a4d2-4e66-b77e-7dfb7f53045e
1	62030	0.99	4ae562c5-a4d2-4e66-b77e-7dfb7f53045e
1	62063	0.39	4ae562c5-a4d2-4e66-b77e-7dfb7f53045e
1	62183	0.91	4ae562c5-a4d2-4e66-b77e-7dfb7f53045e
1	62235	0.36	4ae562c5-a4d2-4e66-b77e-7dfb7f53045e
1	62520	0.54	4ae562c5-a4d2-4e66-b77e-7dfb7f53045e
1	63044	0.07	4ae562c5-a4d2-4e66-b77e-7dfb7f53045e
1	63297	0.45	4ae562c5-a4d2-4e66-b77e-7dfb7f53045e
1	63310	0.9	4ae562c5-a4d2-4e66-b77e-7dfb7f53045e
1	63863	0.27	4ae562c5-a4d2-4e66-b77e-7dfb7f53045e
1	54020	0.6	a2407304-f212-422a-bd7f-05f1cef35990
1	68023	0.45	a64bfac6-5ff6-4f9e-94f1-0c1a4194e33a
1	68355	0.83	a64bfac6-5ff6-4f9e-94f1-0c1a4194e33a
1	68463	0.12	a64bfac6-5ff6-4f9e-94f1-0c1a4194e33a
1	68879	0.68	a64bfac6-5ff6-4f9e-94f1-0c1a4194e33a
1	69016	0.63	a64bfac6-5ff6-4f9e-94f1-0c1a4194e33a
1	69392	0.79	a64bfac6-5ff6-4f9e-94f1-0c1a4194e33a
1	69821	0.72	a64bfac6-5ff6-4f9e-94f1-0c1a4194e33a
1	70368	0.87	a64bfac6-5ff6-4f9e-94f1-0c1a4194e33a
1	70472	0.68	a64bfac6-5ff6-4f9e-94f1-0c1a4194e33a
1	70491	0.93	a64bfac6-5ff6-4f9e-94f1-0c1a4194e33a
1	71245	0.97	a64bfac6-5ff6-4f9e-94f1-0c1a4194e33a
1	71456	0.96	a64bfac6-5ff6-4f9e-94f1-0c1a4194e33a
1	72683	0.32	a64bfac6-5ff6-4f9e-94f1-0c1a4194e33a
1	73463	0.98	a64bfac6-5ff6-4f9e-94f1-0c1a4194e33a
1	74122	0.11	a64bfac6-5ff6-4f9e-94f1-0c1a4194e33a
1	75282	0.98	a64bfac6-5ff6-4f9e-94f1-0c1a4194e33a
1	75327	0.55	a64bfac6-5ff6-4f9e-94f1-0c1a4194e33a
1	75663	0.61	a64bfac6-5ff6-4f9e-94f1-0c1a4194e33a
1	76711	0.9	a64bfac6-5ff6-4f9e-94f1-0c1a4194e33a
1	76988	0.41	a64bfac6-5ff6-4f9e-94f1-0c1a4194e33a
1	77637	0.55	a64bfac6-5ff6-4f9e-94f1-0c1a4194e33a
1	77945	0.72	a64bfac6-5ff6-4f9e-94f1-0c1a4194e33a
1	78773	0.93	a64bfac6-5ff6-4f9e-94f1-0c1a4194e33a
1	78977	0.81	a64bfac6-5ff6-4f9e-94f1-0c1a4194e33a
1	79514	0.92	a64bfac6-5ff6-4f9e-94f1-0c1a4194e33a
1	81717	0.9	a64bfac6-5ff6-4f9e-94f1-0c1a4194e33a
1	82495	0.61	a64bfac6-5ff6-4f9e-94f1-0c1a4194e33a
1	82898	0.14	a64bfac6-5ff6-4f9e-94f1-0c1a4194e33a
1	83058	0.05	a64bfac6-5ff6-4f9e-94f1-0c1a4194e33a
1	83955	0.57	a64bfac6-5ff6-4f9e-94f1-0c1a4194e33a
1	84159	0.93	a64bfac6-5ff6-4f9e-94f1-0c1a4194e33a
1	84751	0.19	a64bfac6-5ff6-4f9e-94f1-0c1a4194e33a
1	85405	0.92	a64bfac6-5ff6-4f9e-94f1-0c1a4194e33a
1	85409	0.9	a64bfac6-5ff6-4f9e-94f1-0c1a4194e33a
1	86735	0.31	a64bfac6-5ff6-4f9e-94f1-0c1a4194e33a
1	87158	0.55	a64bfac6-5ff6-4f9e-94f1-0c1a4194e33a
1	87275	0.88	a64bfac6-5ff6-4f9e-94f1-0c1a4194e33a
1	87566	0.97	a64bfac6-5ff6-4f9e-94f1-0c1a4194e33a
1	87971	0.98	a64bfac6-5ff6-4f9e-94f1-0c1a4194e33a
1	88593	0.87	a64bfac6-5ff6-4f9e-94f1-0c1a4194e33a
1	89386	0.37	a64bfac6-5ff6-4f9e-94f1-0c1a4194e33a
1	89557	0.2	a64bfac6-5ff6-4f9e-94f1-0c1a4194e33a
1	89788	0.98	a64bfac6-5ff6-4f9e-94f1-0c1a4194e33a
1	90825	0.71	a64bfac6-5ff6-4f9e-94f1-0c1a4194e33a
1	91668	0.96	a64bfac6-5ff6-4f9e-94f1-0c1a4194e33a
1	92767	0.92	a64bfac6-5ff6-4f9e-94f1-0c1a4194e33a
1	92960	0.3	a64bfac6-5ff6-4f9e-94f1-0c1a4194e33a
1	93511	0.46	a64bfac6-5ff6-4f9e-94f1-0c1a4194e33a
1	94115	0.22	a64bfac6-5ff6-4f9e-94f1-0c1a4194e33a
1	94124	0.52	a64bfac6-5ff6-4f9e-94f1-0c1a4194e33a
1	94136	0.26	a64bfac6-5ff6-4f9e-94f1-0c1a4194e33a
1	94310	0.84	a64bfac6-5ff6-4f9e-94f1-0c1a4194e33a
1	95261	0.82	a64bfac6-5ff6-4f9e-94f1-0c1a4194e33a
1	96116	0.43	a64bfac6-5ff6-4f9e-94f1-0c1a4194e33a
1	96743	0.58	a64bfac6-5ff6-4f9e-94f1-0c1a4194e33a
1	97067	0.16	a64bfac6-5ff6-4f9e-94f1-0c1a4194e33a
1	97675	0.41	a64bfac6-5ff6-4f9e-94f1-0c1a4194e33a
1	99230	0.73	a64bfac6-5ff6-4f9e-94f1-0c1a4194e33a
1	99469	0.73	a64bfac6-5ff6-4f9e-94f1-0c1a4194e33a
1	99664	0.46	a64bfac6-5ff6-4f9e-94f1-0c1a4194e33a
1	100280	0.59	a64bfac6-5ff6-4f9e-94f1-0c1a4194e33a
1	101275	0.22	a64bfac6-5ff6-4f9e-94f1-0c1a4194e33a
1	101689	0.65	a64bfac6-5ff6-4f9e-94f1-0c1a4194e33a
1	103044	0.36	a64bfac6-5ff6-4f9e-94f1-0c1a4194e33a
1	105637	0.17	a64bfac6-5ff6-4f9e-94f1-0c1a4194e33a
1	105874	0.96	a64bfac6-5ff6-4f9e-94f1-0c1a4194e33a
1	106633	0.97	a64bfac6-5ff6-4f9e-94f1-0c1a4194e33a
1	106694	0.87	a64bfac6-5ff6-4f9e-94f1-0c1a4194e33a
1	91667	0.1	057eff02-1f85-418c-91e0-6786876c64b8
1	92122	0.28	057eff02-1f85-418c-91e0-6786876c64b8
1	92959	0.89	057eff02-1f85-418c-91e0-6786876c64b8
1	93510	0.26	057eff02-1f85-418c-91e0-6786876c64b8
1	94123	0.21	057eff02-1f85-418c-91e0-6786876c64b8
1	94135	0.97	057eff02-1f85-418c-91e0-6786876c64b8
1	94309	0.97	057eff02-1f85-418c-91e0-6786876c64b8
1	94802	0.88	057eff02-1f85-418c-91e0-6786876c64b8
1	96115	0.76	057eff02-1f85-418c-91e0-6786876c64b8
1	96742	0.32	057eff02-1f85-418c-91e0-6786876c64b8
1	97260	0.04	057eff02-1f85-418c-91e0-6786876c64b8
1	97286	0.43	057eff02-1f85-418c-91e0-6786876c64b8
1	99229	0.28	057eff02-1f85-418c-91e0-6786876c64b8
1	99254	0.91	057eff02-1f85-418c-91e0-6786876c64b8
1	99468	0.84	057eff02-1f85-418c-91e0-6786876c64b8
1	100279	0.69	057eff02-1f85-418c-91e0-6786876c64b8
1	100925	0.88	057eff02-1f85-418c-91e0-6786876c64b8
1	101016	0.32	057eff02-1f85-418c-91e0-6786876c64b8
1	101274	0.95	057eff02-1f85-418c-91e0-6786876c64b8
1	101688	0.17	057eff02-1f85-418c-91e0-6786876c64b8
1	102758	0.34	057eff02-1f85-418c-91e0-6786876c64b8
1	103043	0.64	057eff02-1f85-418c-91e0-6786876c64b8
1	104027	0.17	057eff02-1f85-418c-91e0-6786876c64b8
1	104911	0.42	057eff02-1f85-418c-91e0-6786876c64b8
1	105636	0.86	057eff02-1f85-418c-91e0-6786876c64b8
1	105873	0.1	057eff02-1f85-418c-91e0-6786876c64b8
1	106632	0.93	057eff02-1f85-418c-91e0-6786876c64b8
1	106693	0.68	057eff02-1f85-418c-91e0-6786876c64b8
1	106729	0.32	057eff02-1f85-418c-91e0-6786876c64b8
1	107124	0.84	057eff02-1f85-418c-91e0-6786876c64b8
1	107957	0.76	057eff02-1f85-418c-91e0-6786876c64b8
1	108181	0.17	057eff02-1f85-418c-91e0-6786876c64b8
1	108646	0.3	057eff02-1f85-418c-91e0-6786876c64b8
1	108787	0.09	057eff02-1f85-418c-91e0-6786876c64b8
1	109202	0.87	057eff02-1f85-418c-91e0-6786876c64b8
1	109275	0.61	057eff02-1f85-418c-91e0-6786876c64b8
1	109429	0.77	057eff02-1f85-418c-91e0-6786876c64b8
1	109610	0.91	057eff02-1f85-418c-91e0-6786876c64b8
1	109657	0.72	057eff02-1f85-418c-91e0-6786876c64b8
1	109828	0.1	057eff02-1f85-418c-91e0-6786876c64b8
1	110010	0.79	057eff02-1f85-418c-91e0-6786876c64b8
1	110332	0.49	057eff02-1f85-418c-91e0-6786876c64b8
1	110642	0.84	057eff02-1f85-418c-91e0-6786876c64b8
1	111004	0.86	057eff02-1f85-418c-91e0-6786876c64b8
1	111508	0.77	057eff02-1f85-418c-91e0-6786876c64b8
1	111864	0.83	057eff02-1f85-418c-91e0-6786876c64b8
1	113038	0.7	057eff02-1f85-418c-91e0-6786876c64b8
1	113940	0.84	057eff02-1f85-418c-91e0-6786876c64b8
1	114466	0.98	057eff02-1f85-418c-91e0-6786876c64b8
1	114514	0.72	057eff02-1f85-418c-91e0-6786876c64b8
1	114871	0.09	057eff02-1f85-418c-91e0-6786876c64b8
1	115187	0.88	057eff02-1f85-418c-91e0-6786876c64b8
1	115394	0.6	057eff02-1f85-418c-91e0-6786876c64b8
1	116054	0.86	057eff02-1f85-418c-91e0-6786876c64b8
1	116701	0.96	057eff02-1f85-418c-91e0-6786876c64b8
1	116785	0.56	057eff02-1f85-418c-91e0-6786876c64b8
1	117082	0.37	057eff02-1f85-418c-91e0-6786876c64b8
1	117278	0.53	057eff02-1f85-418c-91e0-6786876c64b8
1	117805	0.67	057eff02-1f85-418c-91e0-6786876c64b8
1	117831	0.81	057eff02-1f85-418c-91e0-6786876c64b8
1	118243	0.96	057eff02-1f85-418c-91e0-6786876c64b8
1	118723	0.79	057eff02-1f85-418c-91e0-6786876c64b8
1	118960	0.11	057eff02-1f85-418c-91e0-6786876c64b8
1	119190	0.14	057eff02-1f85-418c-91e0-6786876c64b8
1	119709	0.5	057eff02-1f85-418c-91e0-6786876c64b8
1	120490	0.88	057eff02-1f85-418c-91e0-6786876c64b8
1	121812	0.11	057eff02-1f85-418c-91e0-6786876c64b8
1	122890	0.99	057eff02-1f85-418c-91e0-6786876c64b8
1	123510	0.86	057eff02-1f85-418c-91e0-6786876c64b8
1	124113	0.77	057eff02-1f85-418c-91e0-6786876c64b8
1	124185	0.81	057eff02-1f85-418c-91e0-6786876c64b8
1	124278	0.31	057eff02-1f85-418c-91e0-6786876c64b8
1	124509	0.96	057eff02-1f85-418c-91e0-6786876c64b8
1	124625	0.95	057eff02-1f85-418c-91e0-6786876c64b8
1	124821	0.84	057eff02-1f85-418c-91e0-6786876c64b8
1	125466	0.06	057eff02-1f85-418c-91e0-6786876c64b8
1	125883	0.7	057eff02-1f85-418c-91e0-6786876c64b8
1	126547	0.96	057eff02-1f85-418c-91e0-6786876c64b8
1	126833	0.82	057eff02-1f85-418c-91e0-6786876c64b8
1	126957	0.14	057eff02-1f85-418c-91e0-6786876c64b8
1	126966	0.97	057eff02-1f85-418c-91e0-6786876c64b8
1	127135	0.46	057eff02-1f85-418c-91e0-6786876c64b8
1	127783	0.26	057eff02-1f85-418c-91e0-6786876c64b8
1	128054	0.76	057eff02-1f85-418c-91e0-6786876c64b8
1	128700	0.33	057eff02-1f85-418c-91e0-6786876c64b8
1	129120	0.97	057eff02-1f85-418c-91e0-6786876c64b8
1	129170	0.92	057eff02-1f85-418c-91e0-6786876c64b8
1	129220	0.78	057eff02-1f85-418c-91e0-6786876c64b8
1	129613	0.65	057eff02-1f85-418c-91e0-6786876c64b8
1	130276	0.57	057eff02-1f85-418c-91e0-6786876c64b8
1	130414	0.11	057eff02-1f85-418c-91e0-6786876c64b8
1	130603	0.81	057eff02-1f85-418c-91e0-6786876c64b8
1	130908	0.91	057eff02-1f85-418c-91e0-6786876c64b8
1	130944	0.93	057eff02-1f85-418c-91e0-6786876c64b8
1	131018	0.1	057eff02-1f85-418c-91e0-6786876c64b8
1	131255	0.65	057eff02-1f85-418c-91e0-6786876c64b8
1	131368	0.29	057eff02-1f85-418c-91e0-6786876c64b8
1	132137	0.19	057eff02-1f85-418c-91e0-6786876c64b8
1	132218	0.34	057eff02-1f85-418c-91e0-6786876c64b8
1	132303	0.48	057eff02-1f85-418c-91e0-6786876c64b8
1	132422	0.08	057eff02-1f85-418c-91e0-6786876c64b8
1	132490	0.59	057eff02-1f85-418c-91e0-6786876c64b8
1	133128	0.95	057eff02-1f85-418c-91e0-6786876c64b8
1	133751	0.52	057eff02-1f85-418c-91e0-6786876c64b8
1	134039	0.23	057eff02-1f85-418c-91e0-6786876c64b8
1	134352	0.19	057eff02-1f85-418c-91e0-6786876c64b8
1	134393	0.6	057eff02-1f85-418c-91e0-6786876c64b8
1	134483	0.46	057eff02-1f85-418c-91e0-6786876c64b8
1	135099	0.32	057eff02-1f85-418c-91e0-6786876c64b8
1	136217	0.32	057eff02-1f85-418c-91e0-6786876c64b8
1	136406	0.68	057eff02-1f85-418c-91e0-6786876c64b8
1	137757	0.44	057eff02-1f85-418c-91e0-6786876c64b8
1	138219	0.86	057eff02-1f85-418c-91e0-6786876c64b8
1	138832	0.55	057eff02-1f85-418c-91e0-6786876c64b8
1	139643	0.9	057eff02-1f85-418c-91e0-6786876c64b8
1	140402	0.44	057eff02-1f85-418c-91e0-6786876c64b8
1	141273	0.94	057eff02-1f85-418c-91e0-6786876c64b8
1	141503	0.19	057eff02-1f85-418c-91e0-6786876c64b8
1	141587	0.91	057eff02-1f85-418c-91e0-6786876c64b8
1	141891	0.73	057eff02-1f85-418c-91e0-6786876c64b8
1	142615	0.95	057eff02-1f85-418c-91e0-6786876c64b8
1	143098	0.46	057eff02-1f85-418c-91e0-6786876c64b8
1	143320	0.76	057eff02-1f85-418c-91e0-6786876c64b8
1	143430	0.03	057eff02-1f85-418c-91e0-6786876c64b8
1	144313	0.88	057eff02-1f85-418c-91e0-6786876c64b8
1	144525	0.79	057eff02-1f85-418c-91e0-6786876c64b8
1	146901	0.91	057eff02-1f85-418c-91e0-6786876c64b8
1	146955	0.34	057eff02-1f85-418c-91e0-6786876c64b8
1	148009	0.96	057eff02-1f85-418c-91e0-6786876c64b8
1	148048	0.72	057eff02-1f85-418c-91e0-6786876c64b8
1	148640	0.12	057eff02-1f85-418c-91e0-6786876c64b8
1	148705	0.98	057eff02-1f85-418c-91e0-6786876c64b8
1	148777	0.64	057eff02-1f85-418c-91e0-6786876c64b8
1	149156	0.92	057eff02-1f85-418c-91e0-6786876c64b8
1	149615	0.88	057eff02-1f85-418c-91e0-6786876c64b8
1	149632	0.63	057eff02-1f85-418c-91e0-6786876c64b8
1	150118	0.9	057eff02-1f85-418c-91e0-6786876c64b8
1	150401	0.95	057eff02-1f85-418c-91e0-6786876c64b8
1	150992	0.89	057eff02-1f85-418c-91e0-6786876c64b8
1	151507	0.7	057eff02-1f85-418c-91e0-6786876c64b8
1	151600	0.84	057eff02-1f85-418c-91e0-6786876c64b8
1	151632	0.34	057eff02-1f85-418c-91e0-6786876c64b8
1	151773	0.49	057eff02-1f85-418c-91e0-6786876c64b8
1	153644	0.18	057eff02-1f85-418c-91e0-6786876c64b8
1	154801	0.97	057eff02-1f85-418c-91e0-6786876c64b8
1	156129	0.45	057eff02-1f85-418c-91e0-6786876c64b8
1	157228	0.93	057eff02-1f85-418c-91e0-6786876c64b8
1	157376	0.94	057eff02-1f85-418c-91e0-6786876c64b8
1	157413	0.97	057eff02-1f85-418c-91e0-6786876c64b8
1	158098	0.97	057eff02-1f85-418c-91e0-6786876c64b8
1	158188	0.93	057eff02-1f85-418c-91e0-6786876c64b8
1	158467	0.76	057eff02-1f85-418c-91e0-6786876c64b8
1	158611	0.74	057eff02-1f85-418c-91e0-6786876c64b8
1	159343	0.29	057eff02-1f85-418c-91e0-6786876c64b8
1	97067	0.98	b6d0a718-db05-46d7-912b-d1a72102637f
1	97261	0.97	b6d0a718-db05-46d7-912b-d1a72102637f
1	97287	0.76	b6d0a718-db05-46d7-912b-d1a72102637f
1	97675	0.52	b6d0a718-db05-46d7-912b-d1a72102637f
1	99230	0.5	b6d0a718-db05-46d7-912b-d1a72102637f
1	99255	0.07	b6d0a718-db05-46d7-912b-d1a72102637f
1	99229	0.99	c7341751-b39b-4308-a3fd-58e5cadf89b9
1	99254	0.89	c7341751-b39b-4308-a3fd-58e5cadf89b9
1	99468	0.88	c7341751-b39b-4308-a3fd-58e5cadf89b9
1	99663	0.73	c7341751-b39b-4308-a3fd-58e5cadf89b9
1	100279	0.89	c7341751-b39b-4308-a3fd-58e5cadf89b9
1	100925	0.79	c7341751-b39b-4308-a3fd-58e5cadf89b9
1	101016	0.99	c7341751-b39b-4308-a3fd-58e5cadf89b9
1	102758	0.97	c7341751-b39b-4308-a3fd-58e5cadf89b9
1	104027	0.29	c7341751-b39b-4308-a3fd-58e5cadf89b9
1	104911	0.94	c7341751-b39b-4308-a3fd-58e5cadf89b9
1	105636	0.51	c7341751-b39b-4308-a3fd-58e5cadf89b9
1	105873	0.78	c7341751-b39b-4308-a3fd-58e5cadf89b9
1	106632	0.92	c7341751-b39b-4308-a3fd-58e5cadf89b9
1	106693	0.12	c7341751-b39b-4308-a3fd-58e5cadf89b9
1	106729	0.29	c7341751-b39b-4308-a3fd-58e5cadf89b9
1	107124	0.99	c7341751-b39b-4308-a3fd-58e5cadf89b9
1	107957	0.16	c7341751-b39b-4308-a3fd-58e5cadf89b9
1	108181	0.64	c7341751-b39b-4308-a3fd-58e5cadf89b9
1	108646	0.97	c7341751-b39b-4308-a3fd-58e5cadf89b9
1	108787	0.9	c7341751-b39b-4308-a3fd-58e5cadf89b9
1	109202	0.97	c7341751-b39b-4308-a3fd-58e5cadf89b9
1	109275	0.4	c7341751-b39b-4308-a3fd-58e5cadf89b9
1	109429	0.36	c7341751-b39b-4308-a3fd-58e5cadf89b9
1	109610	0.29	c7341751-b39b-4308-a3fd-58e5cadf89b9
1	109657	0.88	c7341751-b39b-4308-a3fd-58e5cadf89b9
1	109828	0.49	c7341751-b39b-4308-a3fd-58e5cadf89b9
1	110332	0.98	c7341751-b39b-4308-a3fd-58e5cadf89b9
1	110642	0.55	c7341751-b39b-4308-a3fd-58e5cadf89b9
1	111004	0.65	c7341751-b39b-4308-a3fd-58e5cadf89b9
1	111508	0.93	c7341751-b39b-4308-a3fd-58e5cadf89b9
1	111864	0.99	c7341751-b39b-4308-a3fd-58e5cadf89b9
1	113038	0.93	c7341751-b39b-4308-a3fd-58e5cadf89b9
1	113248	0.11	c7341751-b39b-4308-a3fd-58e5cadf89b9
1	113940	0.9	c7341751-b39b-4308-a3fd-58e5cadf89b9
1	114466	0.86	c7341751-b39b-4308-a3fd-58e5cadf89b9
1	114514	0.84	c7341751-b39b-4308-a3fd-58e5cadf89b9
1	114689	0.82	c7341751-b39b-4308-a3fd-58e5cadf89b9
1	114871	0.92	c7341751-b39b-4308-a3fd-58e5cadf89b9
1	115187	0.31	c7341751-b39b-4308-a3fd-58e5cadf89b9
1	115394	0.99	c7341751-b39b-4308-a3fd-58e5cadf89b9
1	102758	0.96	016e49fa-dca0-4748-9e6b-26f366a0a1be
1	103043	0.97	016e49fa-dca0-4748-9e6b-26f366a0a1be
1	107500	0.84	8157c32e-5252-4ffa-8112-ea90bbbef1e2
1	108182	0.98	8157c32e-5252-4ffa-8112-ea90bbbef1e2
1	108647	0.2	8157c32e-5252-4ffa-8112-ea90bbbef1e2
1	108788	0.82	8157c32e-5252-4ffa-8112-ea90bbbef1e2
1	109430	0.73	8157c32e-5252-4ffa-8112-ea90bbbef1e2
1	109611	0.92	8157c32e-5252-4ffa-8112-ea90bbbef1e2
1	109658	0.24	8157c32e-5252-4ffa-8112-ea90bbbef1e2
1	109829	0.87	8157c32e-5252-4ffa-8112-ea90bbbef1e2
1	110011	0.84	8157c32e-5252-4ffa-8112-ea90bbbef1e2
1	110333	0.94	8157c32e-5252-4ffa-8112-ea90bbbef1e2
1	111005	0.51	8157c32e-5252-4ffa-8112-ea90bbbef1e2
1	111509	0.62	8157c32e-5252-4ffa-8112-ea90bbbef1e2
1	113039	0.5	8157c32e-5252-4ffa-8112-ea90bbbef1e2
1	113249	0.36	8157c32e-5252-4ffa-8112-ea90bbbef1e2
1	113941	0.12	8157c32e-5252-4ffa-8112-ea90bbbef1e2
1	114467	0.1	8157c32e-5252-4ffa-8112-ea90bbbef1e2
1	114515	0.93	8157c32e-5252-4ffa-8112-ea90bbbef1e2
1	114690	0.66	8157c32e-5252-4ffa-8112-ea90bbbef1e2
1	114872	0.83	8157c32e-5252-4ffa-8112-ea90bbbef1e2
1	115395	0.07	8157c32e-5252-4ffa-8112-ea90bbbef1e2
1	116702	0.98	8157c32e-5252-4ffa-8112-ea90bbbef1e2
1	117083	0.19	8157c32e-5252-4ffa-8112-ea90bbbef1e2
1	117279	0.84	8157c32e-5252-4ffa-8112-ea90bbbef1e2
1	117806	0.97	8157c32e-5252-4ffa-8112-ea90bbbef1e2
1	117832	0.35	8157c32e-5252-4ffa-8112-ea90bbbef1e2
1	118244	0.44	8157c32e-5252-4ffa-8112-ea90bbbef1e2
1	118724	0.63	8157c32e-5252-4ffa-8112-ea90bbbef1e2
1	118961	0.46	8157c32e-5252-4ffa-8112-ea90bbbef1e2
1	119191	0.98	8157c32e-5252-4ffa-8112-ea90bbbef1e2
1	119710	0.72	8157c32e-5252-4ffa-8112-ea90bbbef1e2
1	120491	0.49	8157c32e-5252-4ffa-8112-ea90bbbef1e2
1	121211	0.88	8157c32e-5252-4ffa-8112-ea90bbbef1e2
1	121813	0.53	8157c32e-5252-4ffa-8112-ea90bbbef1e2
1	122891	0.91	8157c32e-5252-4ffa-8112-ea90bbbef1e2
1	123511	0.55	8157c32e-5252-4ffa-8112-ea90bbbef1e2
1	123845	0.84	8157c32e-5252-4ffa-8112-ea90bbbef1e2
1	124114	0.97	8157c32e-5252-4ffa-8112-ea90bbbef1e2
1	124279	0.45	8157c32e-5252-4ffa-8112-ea90bbbef1e2
1	124462	0.94	8157c32e-5252-4ffa-8112-ea90bbbef1e2
1	124626	0.92	8157c32e-5252-4ffa-8112-ea90bbbef1e2
1	125884	0.91	8157c32e-5252-4ffa-8112-ea90bbbef1e2
1	126548	0.82	8157c32e-5252-4ffa-8112-ea90bbbef1e2
1	126834	0.99	8157c32e-5252-4ffa-8112-ea90bbbef1e2
1	128055	0.83	8157c32e-5252-4ffa-8112-ea90bbbef1e2
1	128701	0.22	8157c32e-5252-4ffa-8112-ea90bbbef1e2
1	128705	0.13	8157c32e-5252-4ffa-8112-ea90bbbef1e2
1	168415	0.84	f96b5afd-61e0-44d7-bf2e-dd7aba02c6d0
1	168728	0.17	f96b5afd-61e0-44d7-bf2e-dd7aba02c6d0
1	169178	0.97	f96b5afd-61e0-44d7-bf2e-dd7aba02c6d0
1	169501	0.86	f96b5afd-61e0-44d7-bf2e-dd7aba02c6d0
1	169620	0.95	f96b5afd-61e0-44d7-bf2e-dd7aba02c6d0
1	169775	0.79	f96b5afd-61e0-44d7-bf2e-dd7aba02c6d0
1	169847	0.48	f96b5afd-61e0-44d7-bf2e-dd7aba02c6d0
1	170175	0.75	f96b5afd-61e0-44d7-bf2e-dd7aba02c6d0
1	170393	0.61	f96b5afd-61e0-44d7-bf2e-dd7aba02c6d0
1	171129	0.99	f96b5afd-61e0-44d7-bf2e-dd7aba02c6d0
1	171555	0.15	f96b5afd-61e0-44d7-bf2e-dd7aba02c6d0
1	171804	0.86	f96b5afd-61e0-44d7-bf2e-dd7aba02c6d0
1	172461	0.26	f96b5afd-61e0-44d7-bf2e-dd7aba02c6d0
1	172976	0.94	f96b5afd-61e0-44d7-bf2e-dd7aba02c6d0
1	173129	0.9	f96b5afd-61e0-44d7-bf2e-dd7aba02c6d0
1	173225	0.06	f96b5afd-61e0-44d7-bf2e-dd7aba02c6d0
1	173467	0.97	f96b5afd-61e0-44d7-bf2e-dd7aba02c6d0
1	173949	0.66	f96b5afd-61e0-44d7-bf2e-dd7aba02c6d0
1	174347	0.75	f96b5afd-61e0-44d7-bf2e-dd7aba02c6d0
1	175514	0.8	f96b5afd-61e0-44d7-bf2e-dd7aba02c6d0
1	175570	0.28	f96b5afd-61e0-44d7-bf2e-dd7aba02c6d0
1	175580	0.91	f96b5afd-61e0-44d7-bf2e-dd7aba02c6d0
1	175791	0.64	f96b5afd-61e0-44d7-bf2e-dd7aba02c6d0
1	176056	0.89	f96b5afd-61e0-44d7-bf2e-dd7aba02c6d0
1	176085	0.49	f96b5afd-61e0-44d7-bf2e-dd7aba02c6d0
1	176216	0.96	f96b5afd-61e0-44d7-bf2e-dd7aba02c6d0
1	176249	0.51	f96b5afd-61e0-44d7-bf2e-dd7aba02c6d0
1	176728	0.86	f96b5afd-61e0-44d7-bf2e-dd7aba02c6d0
1	176969	0.52	f96b5afd-61e0-44d7-bf2e-dd7aba02c6d0
1	177053	0.91	f96b5afd-61e0-44d7-bf2e-dd7aba02c6d0
1	177199	0.8	f96b5afd-61e0-44d7-bf2e-dd7aba02c6d0
1	177563	0.95	f96b5afd-61e0-44d7-bf2e-dd7aba02c6d0
1	177611	0.28	f96b5afd-61e0-44d7-bf2e-dd7aba02c6d0
1	177780	0.32	f96b5afd-61e0-44d7-bf2e-dd7aba02c6d0
1	178273	0.97	f96b5afd-61e0-44d7-bf2e-dd7aba02c6d0
1	178445	0.86	f96b5afd-61e0-44d7-bf2e-dd7aba02c6d0
1	180090	0.72	f96b5afd-61e0-44d7-bf2e-dd7aba02c6d0
1	180174	0.96	f96b5afd-61e0-44d7-bf2e-dd7aba02c6d0
1	180310	0.86	f96b5afd-61e0-44d7-bf2e-dd7aba02c6d0
1	180922	0.67	f96b5afd-61e0-44d7-bf2e-dd7aba02c6d0
1	180938	0.39	f96b5afd-61e0-44d7-bf2e-dd7aba02c6d0
1	181024	0.89	f96b5afd-61e0-44d7-bf2e-dd7aba02c6d0
1	181183	0.68	f96b5afd-61e0-44d7-bf2e-dd7aba02c6d0
1	182662	0.79	f96b5afd-61e0-44d7-bf2e-dd7aba02c6d0
1	183084	0.48	f96b5afd-61e0-44d7-bf2e-dd7aba02c6d0
1	183626	0.96	f96b5afd-61e0-44d7-bf2e-dd7aba02c6d0
1	183864	0.95	f96b5afd-61e0-44d7-bf2e-dd7aba02c6d0
1	184245	0.81	f96b5afd-61e0-44d7-bf2e-dd7aba02c6d0
1	184785	0.86	f96b5afd-61e0-44d7-bf2e-dd7aba02c6d0
1	185056	0.18	f96b5afd-61e0-44d7-bf2e-dd7aba02c6d0
1	185216	0.95	f96b5afd-61e0-44d7-bf2e-dd7aba02c6d0
1	186329	0.97	f96b5afd-61e0-44d7-bf2e-dd7aba02c6d0
1	186341	0.85	f96b5afd-61e0-44d7-bf2e-dd7aba02c6d0
1	186865	0.16	f96b5afd-61e0-44d7-bf2e-dd7aba02c6d0
1	187488	0.98	f96b5afd-61e0-44d7-bf2e-dd7aba02c6d0
1	187537	0.89	f96b5afd-61e0-44d7-bf2e-dd7aba02c6d0
1	187557	0.93	f96b5afd-61e0-44d7-bf2e-dd7aba02c6d0
1	187667	0.79	f96b5afd-61e0-44d7-bf2e-dd7aba02c6d0
1	187879	0.11	f96b5afd-61e0-44d7-bf2e-dd7aba02c6d0
1	187900	0.9	f96b5afd-61e0-44d7-bf2e-dd7aba02c6d0
1	187945	0.99	f96b5afd-61e0-44d7-bf2e-dd7aba02c6d0
1	188017	0.07	f96b5afd-61e0-44d7-bf2e-dd7aba02c6d0
1	188059	0.2	f96b5afd-61e0-44d7-bf2e-dd7aba02c6d0
1	188316	0.97	f96b5afd-61e0-44d7-bf2e-dd7aba02c6d0
1	188687	0.9	f96b5afd-61e0-44d7-bf2e-dd7aba02c6d0
1	189617	0.72	f96b5afd-61e0-44d7-bf2e-dd7aba02c6d0
1	189776	0.72	f96b5afd-61e0-44d7-bf2e-dd7aba02c6d0
1	189788	0.36	f96b5afd-61e0-44d7-bf2e-dd7aba02c6d0
1	190147	0.59	f96b5afd-61e0-44d7-bf2e-dd7aba02c6d0
1	190154	0.97	f96b5afd-61e0-44d7-bf2e-dd7aba02c6d0
1	190262	0.85	f96b5afd-61e0-44d7-bf2e-dd7aba02c6d0
1	190838	0.04	f96b5afd-61e0-44d7-bf2e-dd7aba02c6d0
1	191031	0.81	f96b5afd-61e0-44d7-bf2e-dd7aba02c6d0
1	191289	0.91	f96b5afd-61e0-44d7-bf2e-dd7aba02c6d0
1	191535	0.79	f96b5afd-61e0-44d7-bf2e-dd7aba02c6d0
1	191889	0.7	f96b5afd-61e0-44d7-bf2e-dd7aba02c6d0
1	192626	0.27	f96b5afd-61e0-44d7-bf2e-dd7aba02c6d0
1	193628	0.34	f96b5afd-61e0-44d7-bf2e-dd7aba02c6d0
1	193769	0.38	f96b5afd-61e0-44d7-bf2e-dd7aba02c6d0
1	193955	0.96	f96b5afd-61e0-44d7-bf2e-dd7aba02c6d0
1	194054	0.93	f96b5afd-61e0-44d7-bf2e-dd7aba02c6d0
1	194165	0.12	f96b5afd-61e0-44d7-bf2e-dd7aba02c6d0
1	194252	0.71	f96b5afd-61e0-44d7-bf2e-dd7aba02c6d0
1	194882	0.95	f96b5afd-61e0-44d7-bf2e-dd7aba02c6d0
1	195412	0.24	f96b5afd-61e0-44d7-bf2e-dd7aba02c6d0
1	195499	0.37	f96b5afd-61e0-44d7-bf2e-dd7aba02c6d0
1	195664	0.99	f96b5afd-61e0-44d7-bf2e-dd7aba02c6d0
1	196149	0.78	f96b5afd-61e0-44d7-bf2e-dd7aba02c6d0
1	196345	0.96	f96b5afd-61e0-44d7-bf2e-dd7aba02c6d0
1	196702	0.45	f96b5afd-61e0-44d7-bf2e-dd7aba02c6d0
1	197032	0.89	f96b5afd-61e0-44d7-bf2e-dd7aba02c6d0
1	197084	0.45	f96b5afd-61e0-44d7-bf2e-dd7aba02c6d0
1	197296	0.86	f96b5afd-61e0-44d7-bf2e-dd7aba02c6d0
1	197456	0.36	f96b5afd-61e0-44d7-bf2e-dd7aba02c6d0
1	197673	0.82	f96b5afd-61e0-44d7-bf2e-dd7aba02c6d0
1	197720	0.68	f96b5afd-61e0-44d7-bf2e-dd7aba02c6d0
1	198238	0.93	f96b5afd-61e0-44d7-bf2e-dd7aba02c6d0
1	198727	0.61	f96b5afd-61e0-44d7-bf2e-dd7aba02c6d0
1	199264	0.5	f96b5afd-61e0-44d7-bf2e-dd7aba02c6d0
1	199399	0.71	f96b5afd-61e0-44d7-bf2e-dd7aba02c6d0
1	199993	0.87	f96b5afd-61e0-44d7-bf2e-dd7aba02c6d0
1	200288	0.97	f96b5afd-61e0-44d7-bf2e-dd7aba02c6d0
1	201132	0.96	f96b5afd-61e0-44d7-bf2e-dd7aba02c6d0
1	201375	0.15	f96b5afd-61e0-44d7-bf2e-dd7aba02c6d0
1	202143	0.98	f96b5afd-61e0-44d7-bf2e-dd7aba02c6d0
1	202585	0.98	f96b5afd-61e0-44d7-bf2e-dd7aba02c6d0
1	205583	0.94	f96b5afd-61e0-44d7-bf2e-dd7aba02c6d0
1	205856	0.98	f96b5afd-61e0-44d7-bf2e-dd7aba02c6d0
1	209462	0.99	f96b5afd-61e0-44d7-bf2e-dd7aba02c6d0
1	210613	0.91	f96b5afd-61e0-44d7-bf2e-dd7aba02c6d0
1	211114	0.76	f96b5afd-61e0-44d7-bf2e-dd7aba02c6d0
1	211647	0.99	f96b5afd-61e0-44d7-bf2e-dd7aba02c6d0
1	211771	0.94	f96b5afd-61e0-44d7-bf2e-dd7aba02c6d0
1	212156	0.96	f96b5afd-61e0-44d7-bf2e-dd7aba02c6d0
1	212312	0.85	f96b5afd-61e0-44d7-bf2e-dd7aba02c6d0
1	212440	0.72	f96b5afd-61e0-44d7-bf2e-dd7aba02c6d0
1	212457	0.95	f96b5afd-61e0-44d7-bf2e-dd7aba02c6d0
1	212968	0.63	f96b5afd-61e0-44d7-bf2e-dd7aba02c6d0
1	214132	0.7	f96b5afd-61e0-44d7-bf2e-dd7aba02c6d0
1	214378	0.88	f96b5afd-61e0-44d7-bf2e-dd7aba02c6d0
1	217163	0.25	f96b5afd-61e0-44d7-bf2e-dd7aba02c6d0
1	217535	0.96	f96b5afd-61e0-44d7-bf2e-dd7aba02c6d0
1	217891	0.97	f96b5afd-61e0-44d7-bf2e-dd7aba02c6d0
1	219252	0.07	f96b5afd-61e0-44d7-bf2e-dd7aba02c6d0
1	219479	0.98	f96b5afd-61e0-44d7-bf2e-dd7aba02c6d0
1	219933	0.82	f96b5afd-61e0-44d7-bf2e-dd7aba02c6d0
1	220086	0.09	f96b5afd-61e0-44d7-bf2e-dd7aba02c6d0
1	221365	0.62	f96b5afd-61e0-44d7-bf2e-dd7aba02c6d0
1	222165	0.7	f96b5afd-61e0-44d7-bf2e-dd7aba02c6d0
1	222329	0.57	f96b5afd-61e0-44d7-bf2e-dd7aba02c6d0
1	222545	0.95	f96b5afd-61e0-44d7-bf2e-dd7aba02c6d0
1	223292	0.91	f96b5afd-61e0-44d7-bf2e-dd7aba02c6d0
1	223733	0.97	f96b5afd-61e0-44d7-bf2e-dd7aba02c6d0
1	224068	0.69	f96b5afd-61e0-44d7-bf2e-dd7aba02c6d0
1	224620	0.06	f96b5afd-61e0-44d7-bf2e-dd7aba02c6d0
1	224650	0.85	f96b5afd-61e0-44d7-bf2e-dd7aba02c6d0
1	224656	0.09	f96b5afd-61e0-44d7-bf2e-dd7aba02c6d0
1	225075	0.63	f96b5afd-61e0-44d7-bf2e-dd7aba02c6d0
1	225473	0.93	f96b5afd-61e0-44d7-bf2e-dd7aba02c6d0
1	225483	0.98	f96b5afd-61e0-44d7-bf2e-dd7aba02c6d0
1	225789	0.97	f96b5afd-61e0-44d7-bf2e-dd7aba02c6d0
1	226169	0.71	f96b5afd-61e0-44d7-bf2e-dd7aba02c6d0
1	227561	0.73	f96b5afd-61e0-44d7-bf2e-dd7aba02c6d0
1	227690	0.46	f96b5afd-61e0-44d7-bf2e-dd7aba02c6d0
1	227973	0.6	f96b5afd-61e0-44d7-bf2e-dd7aba02c6d0
1	228513	0.3	f96b5afd-61e0-44d7-bf2e-dd7aba02c6d0
1	168414	0.35	1db873c8-bf72-4b79-a11c-2c575499f3f6
1	168727	0.04	1db873c8-bf72-4b79-a11c-2c575499f3f6
1	169177	0.74	1db873c8-bf72-4b79-a11c-2c575499f3f6
1	169500	0.74	1db873c8-bf72-4b79-a11c-2c575499f3f6
1	169619	0.9	1db873c8-bf72-4b79-a11c-2c575499f3f6
1	169774	0.93	1db873c8-bf72-4b79-a11c-2c575499f3f6
1	169846	0.87	1db873c8-bf72-4b79-a11c-2c575499f3f6
1	170041	0.61	1db873c8-bf72-4b79-a11c-2c575499f3f6
1	170174	0.89	1db873c8-bf72-4b79-a11c-2c575499f3f6
1	170392	0.41	1db873c8-bf72-4b79-a11c-2c575499f3f6
1	171128	0.68	1db873c8-bf72-4b79-a11c-2c575499f3f6
1	171554	0.37	1db873c8-bf72-4b79-a11c-2c575499f3f6
1	171803	0.87	1db873c8-bf72-4b79-a11c-2c575499f3f6
1	172975	0.47	1db873c8-bf72-4b79-a11c-2c575499f3f6
1	173128	0.52	1db873c8-bf72-4b79-a11c-2c575499f3f6
1	173224	0.06	1db873c8-bf72-4b79-a11c-2c575499f3f6
1	173466	0.73	1db873c8-bf72-4b79-a11c-2c575499f3f6
1	173948	0.93	1db873c8-bf72-4b79-a11c-2c575499f3f6
1	174346	0.85	1db873c8-bf72-4b79-a11c-2c575499f3f6
1	175569	0.87	1db873c8-bf72-4b79-a11c-2c575499f3f6
1	175579	0.46	1db873c8-bf72-4b79-a11c-2c575499f3f6
1	175790	0.73	1db873c8-bf72-4b79-a11c-2c575499f3f6
1	175943	0.66	1db873c8-bf72-4b79-a11c-2c575499f3f6
1	176055	0.29	1db873c8-bf72-4b79-a11c-2c575499f3f6
1	176215	0.24	1db873c8-bf72-4b79-a11c-2c575499f3f6
1	176248	0.53	1db873c8-bf72-4b79-a11c-2c575499f3f6
1	176727	0.97	1db873c8-bf72-4b79-a11c-2c575499f3f6
1	177052	0.81	1db873c8-bf72-4b79-a11c-2c575499f3f6
1	177170	0.35	1db873c8-bf72-4b79-a11c-2c575499f3f6
1	177198	0.77	1db873c8-bf72-4b79-a11c-2c575499f3f6
1	177562	0.93	1db873c8-bf72-4b79-a11c-2c575499f3f6
1	177610	0.74	1db873c8-bf72-4b79-a11c-2c575499f3f6
1	177779	0.7	1db873c8-bf72-4b79-a11c-2c575499f3f6
1	180089	0.85	1db873c8-bf72-4b79-a11c-2c575499f3f6
1	180173	0.57	1db873c8-bf72-4b79-a11c-2c575499f3f6
1	180309	0.98	1db873c8-bf72-4b79-a11c-2c575499f3f6
1	180324	0.99	1db873c8-bf72-4b79-a11c-2c575499f3f6
1	180704	0.41	1db873c8-bf72-4b79-a11c-2c575499f3f6
1	180921	0.95	1db873c8-bf72-4b79-a11c-2c575499f3f6
1	180937	0.86	1db873c8-bf72-4b79-a11c-2c575499f3f6
1	181023	0.83	1db873c8-bf72-4b79-a11c-2c575499f3f6
1	181182	0.89	1db873c8-bf72-4b79-a11c-2c575499f3f6
1	182661	0.86	1db873c8-bf72-4b79-a11c-2c575499f3f6
1	183083	0.56	1db873c8-bf72-4b79-a11c-2c575499f3f6
1	183625	0.55	1db873c8-bf72-4b79-a11c-2c575499f3f6
1	183863	0.86	1db873c8-bf72-4b79-a11c-2c575499f3f6
1	184244	0.81	1db873c8-bf72-4b79-a11c-2c575499f3f6
1	184784	0.95	1db873c8-bf72-4b79-a11c-2c575499f3f6
1	184820	0.74	1db873c8-bf72-4b79-a11c-2c575499f3f6
1	184871	0.71	1db873c8-bf72-4b79-a11c-2c575499f3f6
1	185055	0.85	1db873c8-bf72-4b79-a11c-2c575499f3f6
1	185215	0.96	1db873c8-bf72-4b79-a11c-2c575499f3f6
1	186328	0.14	1db873c8-bf72-4b79-a11c-2c575499f3f6
1	186340	0.96	1db873c8-bf72-4b79-a11c-2c575499f3f6
1	186515	0.81	1db873c8-bf72-4b79-a11c-2c575499f3f6
1	186864	0.41	1db873c8-bf72-4b79-a11c-2c575499f3f6
1	187201	0.97	1db873c8-bf72-4b79-a11c-2c575499f3f6
1	187487	0.93	1db873c8-bf72-4b79-a11c-2c575499f3f6
1	187536	0.98	1db873c8-bf72-4b79-a11c-2c575499f3f6
1	187556	0.99	1db873c8-bf72-4b79-a11c-2c575499f3f6
1	178272	0.8	5fe34f8c-6801-471e-bafb-a0bdc10cb87c
1	180089	0.84	5fe34f8c-6801-471e-bafb-a0bdc10cb87c
1	180173	0.91	5fe34f8c-6801-471e-bafb-a0bdc10cb87c
1	180253	0.76	5fe34f8c-6801-471e-bafb-a0bdc10cb87c
1	180309	0.88	5fe34f8c-6801-471e-bafb-a0bdc10cb87c
1	180324	0.97	5fe34f8c-6801-471e-bafb-a0bdc10cb87c
1	180704	0.96	5fe34f8c-6801-471e-bafb-a0bdc10cb87c
1	180921	0.97	5fe34f8c-6801-471e-bafb-a0bdc10cb87c
1	180937	0.98	5fe34f8c-6801-471e-bafb-a0bdc10cb87c
1	181023	0.77	5fe34f8c-6801-471e-bafb-a0bdc10cb87c
1	181182	0.99	5fe34f8c-6801-471e-bafb-a0bdc10cb87c
1	182306	0.96	5fe34f8c-6801-471e-bafb-a0bdc10cb87c
1	182661	0.92	5fe34f8c-6801-471e-bafb-a0bdc10cb87c
1	183083	0.9	5fe34f8c-6801-471e-bafb-a0bdc10cb87c
1	183625	0.91	5fe34f8c-6801-471e-bafb-a0bdc10cb87c
1	183863	0.93	5fe34f8c-6801-471e-bafb-a0bdc10cb87c
1	184244	0.9	5fe34f8c-6801-471e-bafb-a0bdc10cb87c
1	184784	0.06	5fe34f8c-6801-471e-bafb-a0bdc10cb87c
1	184871	0.57	5fe34f8c-6801-471e-bafb-a0bdc10cb87c
1	185055	0.74	5fe34f8c-6801-471e-bafb-a0bdc10cb87c
1	185215	0.71	5fe34f8c-6801-471e-bafb-a0bdc10cb87c
1	186328	0.83	5fe34f8c-6801-471e-bafb-a0bdc10cb87c
1	186340	0.91	5fe34f8c-6801-471e-bafb-a0bdc10cb87c
1	186864	0.74	5fe34f8c-6801-471e-bafb-a0bdc10cb87c
1	187201	0.88	5fe34f8c-6801-471e-bafb-a0bdc10cb87c
1	187487	0.78	5fe34f8c-6801-471e-bafb-a0bdc10cb87c
1	187536	0.94	5fe34f8c-6801-471e-bafb-a0bdc10cb87c
1	187556	0.22	5fe34f8c-6801-471e-bafb-a0bdc10cb87c
1	187666	0.63	5fe34f8c-6801-471e-bafb-a0bdc10cb87c
1	187866	0.9	5fe34f8c-6801-471e-bafb-a0bdc10cb87c
1	187899	0.43	5fe34f8c-6801-471e-bafb-a0bdc10cb87c
1	187944	0.58	5fe34f8c-6801-471e-bafb-a0bdc10cb87c
1	188016	0.99	5fe34f8c-6801-471e-bafb-a0bdc10cb87c
1	188058	0.87	5fe34f8c-6801-471e-bafb-a0bdc10cb87c
1	188315	0.98	5fe34f8c-6801-471e-bafb-a0bdc10cb87c
1	188686	0.99	5fe34f8c-6801-471e-bafb-a0bdc10cb87c
1	189787	0.92	5fe34f8c-6801-471e-bafb-a0bdc10cb87c
1	190146	0.98	5fe34f8c-6801-471e-bafb-a0bdc10cb87c
1	190153	0.78	5fe34f8c-6801-471e-bafb-a0bdc10cb87c
1	190261	0.94	5fe34f8c-6801-471e-bafb-a0bdc10cb87c
1	190837	0.66	5fe34f8c-6801-471e-bafb-a0bdc10cb87c
1	191030	0.26	5fe34f8c-6801-471e-bafb-a0bdc10cb87c
1	191288	0.97	5fe34f8c-6801-471e-bafb-a0bdc10cb87c
1	191534	0.97	5fe34f8c-6801-471e-bafb-a0bdc10cb87c
1	191888	0.83	5fe34f8c-6801-471e-bafb-a0bdc10cb87c
1	194251	0.91	5fe34f8c-6801-471e-bafb-a0bdc10cb87c
1	194881	0.97	5fe34f8c-6801-471e-bafb-a0bdc10cb87c
1	195411	0.25	5fe34f8c-6801-471e-bafb-a0bdc10cb87c
1	195663	0.82	5fe34f8c-6801-471e-bafb-a0bdc10cb87c
1	197031	0.98	5fe34f8c-6801-471e-bafb-a0bdc10cb87c
1	197083	0.94	5fe34f8c-6801-471e-bafb-a0bdc10cb87c
1	197295	0.87	5fe34f8c-6801-471e-bafb-a0bdc10cb87c
1	197455	0.35	5fe34f8c-6801-471e-bafb-a0bdc10cb87c
1	197672	0.66	5fe34f8c-6801-471e-bafb-a0bdc10cb87c
1	197719	0.36	5fe34f8c-6801-471e-bafb-a0bdc10cb87c
1	198237	0.58	5fe34f8c-6801-471e-bafb-a0bdc10cb87c
1	198726	0.93	5fe34f8c-6801-471e-bafb-a0bdc10cb87c
1	199263	0.76	5fe34f8c-6801-471e-bafb-a0bdc10cb87c
1	199398	0.93	5fe34f8c-6801-471e-bafb-a0bdc10cb87c
1	200287	0.84	5fe34f8c-6801-471e-bafb-a0bdc10cb87c
1	201131	0.87	5fe34f8c-6801-471e-bafb-a0bdc10cb87c
1	201374	0.96	5fe34f8c-6801-471e-bafb-a0bdc10cb87c
1	202142	0.94	5fe34f8c-6801-471e-bafb-a0bdc10cb87c
1	202584	0.39	5fe34f8c-6801-471e-bafb-a0bdc10cb87c
1	204048	0.97	5fe34f8c-6801-471e-bafb-a0bdc10cb87c
1	204126	0.97	5fe34f8c-6801-471e-bafb-a0bdc10cb87c
1	205582	0.94	5fe34f8c-6801-471e-bafb-a0bdc10cb87c
1	205855	0.83	5fe34f8c-6801-471e-bafb-a0bdc10cb87c
1	209461	0.97	5fe34f8c-6801-471e-bafb-a0bdc10cb87c
1	210472	0.88	5fe34f8c-6801-471e-bafb-a0bdc10cb87c
1	210612	0.87	5fe34f8c-6801-471e-bafb-a0bdc10cb87c
1	211113	0.88	5fe34f8c-6801-471e-bafb-a0bdc10cb87c
1	211646	0.95	5fe34f8c-6801-471e-bafb-a0bdc10cb87c
1	212155	0.91	5fe34f8c-6801-471e-bafb-a0bdc10cb87c
1	212311	0.85	5fe34f8c-6801-471e-bafb-a0bdc10cb87c
1	212439	0.97	5fe34f8c-6801-471e-bafb-a0bdc10cb87c
1	212456	0.92	5fe34f8c-6801-471e-bafb-a0bdc10cb87c
1	212967	0.93	5fe34f8c-6801-471e-bafb-a0bdc10cb87c
1	180173	0.44	0ebf2ded-6138-42f5-8805-730cdf23c394
1	180309	0.62	0ebf2ded-6138-42f5-8805-730cdf23c394
1	180324	0.97	0ebf2ded-6138-42f5-8805-730cdf23c394
1	180704	0.7	0ebf2ded-6138-42f5-8805-730cdf23c394
1	180921	0.95	0ebf2ded-6138-42f5-8805-730cdf23c394
1	181023	0.75	0ebf2ded-6138-42f5-8805-730cdf23c394
1	181182	0.91	0ebf2ded-6138-42f5-8805-730cdf23c394
1	182306	0.18	0ebf2ded-6138-42f5-8805-730cdf23c394
1	183083	0.29	0ebf2ded-6138-42f5-8805-730cdf23c394
1	183625	0.61	0ebf2ded-6138-42f5-8805-730cdf23c394
1	183863	0.79	0ebf2ded-6138-42f5-8805-730cdf23c394
1	178273	0.95	0c18f347-43e5-4c85-a381-9f849b029194
1	178445	0.96	0c18f347-43e5-4c85-a381-9f849b029194
1	180090	0.92	0c18f347-43e5-4c85-a381-9f849b029194
1	180174	0.27	0c18f347-43e5-4c85-a381-9f849b029194
1	180325	0.2	0c18f347-43e5-4c85-a381-9f849b029194
1	180705	0.09	0c18f347-43e5-4c85-a381-9f849b029194
1	180938	0.86	0c18f347-43e5-4c85-a381-9f849b029194
1	181183	0.62	0c18f347-43e5-4c85-a381-9f849b029194
1	182662	0.99	0c18f347-43e5-4c85-a381-9f849b029194
1	183084	0.98	0c18f347-43e5-4c85-a381-9f849b029194
1	183626	0.46	0c18f347-43e5-4c85-a381-9f849b029194
1	178445	0.21	475d2319-4b5c-4929-ab8d-34ac38dd399d
1	180174	0.37	475d2319-4b5c-4929-ab8d-34ac38dd399d
1	180089	0.76	c645e69b-0d81-4738-b5fd-5ecbda701f14
1	180324	0.99	c645e69b-0d81-4738-b5fd-5ecbda701f14
1	180921	0.96	c645e69b-0d81-4738-b5fd-5ecbda701f14
1	180937	0.7	c645e69b-0d81-4738-b5fd-5ecbda701f14
1	181023	0.29	c645e69b-0d81-4738-b5fd-5ecbda701f14
1	182306	0.21	c645e69b-0d81-4738-b5fd-5ecbda701f14
1	183083	0.27	c645e69b-0d81-4738-b5fd-5ecbda701f14
1	183625	0.59	c645e69b-0d81-4738-b5fd-5ecbda701f14
1	183863	0.15	c645e69b-0d81-4738-b5fd-5ecbda701f14
1	178272	0.11	3c30e507-9a61-447d-b936-8de76c5d29ad
1	178444	0.85	3c30e507-9a61-447d-b936-8de76c5d29ad
1	180089	0.92	677dd4d5-50b5-4a0c-b082-061544f92c06
1	180173	0.94	677dd4d5-50b5-4a0c-b082-061544f92c06
1	180309	0.98	677dd4d5-50b5-4a0c-b082-061544f92c06
1	180324	0.71	677dd4d5-50b5-4a0c-b082-061544f92c06
1	180704	0.91	677dd4d5-50b5-4a0c-b082-061544f92c06
1	180921	0.96	677dd4d5-50b5-4a0c-b082-061544f92c06
1	180937	0.89	677dd4d5-50b5-4a0c-b082-061544f92c06
1	183864	0.96	37eba62e-e599-4981-8e90-ccdaecb49303
1	184245	0.9	37eba62e-e599-4981-8e90-ccdaecb49303
1	184785	0.35	37eba62e-e599-4981-8e90-ccdaecb49303
1	184821	0.65	37eba62e-e599-4981-8e90-ccdaecb49303
1	184872	0.11	37eba62e-e599-4981-8e90-ccdaecb49303
1	186329	0.53	37eba62e-e599-4981-8e90-ccdaecb49303
1	186341	0.9	37eba62e-e599-4981-8e90-ccdaecb49303
1	186865	0.92	37eba62e-e599-4981-8e90-ccdaecb49303
1	187202	0.9	37eba62e-e599-4981-8e90-ccdaecb49303
1	187488	0.85	37eba62e-e599-4981-8e90-ccdaecb49303
1	187537	0.78	37eba62e-e599-4981-8e90-ccdaecb49303
1	187557	0.95	37eba62e-e599-4981-8e90-ccdaecb49303
1	187667	0.33	37eba62e-e599-4981-8e90-ccdaecb49303
1	187867	0.11	37eba62e-e599-4981-8e90-ccdaecb49303
1	187900	0.18	37eba62e-e599-4981-8e90-ccdaecb49303
1	188017	0.12	37eba62e-e599-4981-8e90-ccdaecb49303
1	188059	0.92	37eba62e-e599-4981-8e90-ccdaecb49303
1	188316	0.82	37eba62e-e599-4981-8e90-ccdaecb49303
1	188687	0.98	37eba62e-e599-4981-8e90-ccdaecb49303
1	189776	0.68	37eba62e-e599-4981-8e90-ccdaecb49303
1	189788	0.97	37eba62e-e599-4981-8e90-ccdaecb49303
1	190147	0.5	37eba62e-e599-4981-8e90-ccdaecb49303
1	190154	0.98	37eba62e-e599-4981-8e90-ccdaecb49303
1	190262	0.94	37eba62e-e599-4981-8e90-ccdaecb49303
1	190838	0.14	37eba62e-e599-4981-8e90-ccdaecb49303
1	191031	0.8	37eba62e-e599-4981-8e90-ccdaecb49303
1	191289	0.29	37eba62e-e599-4981-8e90-ccdaecb49303
1	191535	0.44	37eba62e-e599-4981-8e90-ccdaecb49303
1	191889	0.49	37eba62e-e599-4981-8e90-ccdaecb49303
1	192626	0.89	37eba62e-e599-4981-8e90-ccdaecb49303
1	193660	0.84	37eba62e-e599-4981-8e90-ccdaecb49303
1	194054	0.94	37eba62e-e599-4981-8e90-ccdaecb49303
1	194165	0.21	37eba62e-e599-4981-8e90-ccdaecb49303
1	194252	0.94	37eba62e-e599-4981-8e90-ccdaecb49303
1	194882	0.69	37eba62e-e599-4981-8e90-ccdaecb49303
1	195412	0.1	37eba62e-e599-4981-8e90-ccdaecb49303
1	195499	0.87	37eba62e-e599-4981-8e90-ccdaecb49303
1	195664	0.41	37eba62e-e599-4981-8e90-ccdaecb49303
1	196149	0.88	37eba62e-e599-4981-8e90-ccdaecb49303
1	196345	0.56	37eba62e-e599-4981-8e90-ccdaecb49303
1	196702	0.36	37eba62e-e599-4981-8e90-ccdaecb49303
1	197032	0.12	37eba62e-e599-4981-8e90-ccdaecb49303
1	197296	0.06	37eba62e-e599-4981-8e90-ccdaecb49303
1	197456	0.76	37eba62e-e599-4981-8e90-ccdaecb49303
1	197673	0.77	37eba62e-e599-4981-8e90-ccdaecb49303
1	197720	0.64	37eba62e-e599-4981-8e90-ccdaecb49303
1	197920	0.37	37eba62e-e599-4981-8e90-ccdaecb49303
1	198238	0.87	37eba62e-e599-4981-8e90-ccdaecb49303
1	198727	0.24	37eba62e-e599-4981-8e90-ccdaecb49303
1	199399	0.97	37eba62e-e599-4981-8e90-ccdaecb49303
1	199993	0.45	37eba62e-e599-4981-8e90-ccdaecb49303
1	200288	0.69	37eba62e-e599-4981-8e90-ccdaecb49303
1	201132	0.98	37eba62e-e599-4981-8e90-ccdaecb49303
1	201375	0.67	37eba62e-e599-4981-8e90-ccdaecb49303
1	202143	0.87	37eba62e-e599-4981-8e90-ccdaecb49303
1	202585	0.87	37eba62e-e599-4981-8e90-ccdaecb49303
1	204049	0.99	37eba62e-e599-4981-8e90-ccdaecb49303
1	204127	0.99	37eba62e-e599-4981-8e90-ccdaecb49303
1	204750	0.32	37eba62e-e599-4981-8e90-ccdaecb49303
1	205856	0.71	37eba62e-e599-4981-8e90-ccdaecb49303
1	209462	0.96	37eba62e-e599-4981-8e90-ccdaecb49303
1	210613	0.92	37eba62e-e599-4981-8e90-ccdaecb49303
1	211114	0.11	37eba62e-e599-4981-8e90-ccdaecb49303
1	211771	0.39	37eba62e-e599-4981-8e90-ccdaecb49303
1	212156	0.14	37eba62e-e599-4981-8e90-ccdaecb49303
1	212312	0.05	37eba62e-e599-4981-8e90-ccdaecb49303
1	212968	0.63	37eba62e-e599-4981-8e90-ccdaecb49303
1	214132	0.94	37eba62e-e599-4981-8e90-ccdaecb49303
1	214378	0.94	37eba62e-e599-4981-8e90-ccdaecb49303
1	216443	0.48	37eba62e-e599-4981-8e90-ccdaecb49303
1	217163	0.78	37eba62e-e599-4981-8e90-ccdaecb49303
1	217535	0.4	37eba62e-e599-4981-8e90-ccdaecb49303
1	217891	0.99	37eba62e-e599-4981-8e90-ccdaecb49303
1	218844	0.54	37eba62e-e599-4981-8e90-ccdaecb49303
1	219252	0.64	37eba62e-e599-4981-8e90-ccdaecb49303
1	219479	0.95	37eba62e-e599-4981-8e90-ccdaecb49303
1	219933	0.81	37eba62e-e599-4981-8e90-ccdaecb49303
1	221365	0.7	37eba62e-e599-4981-8e90-ccdaecb49303
1	222165	0.41	37eba62e-e599-4981-8e90-ccdaecb49303
1	223292	0.84	37eba62e-e599-4981-8e90-ccdaecb49303
1	223733	0.95	37eba62e-e599-4981-8e90-ccdaecb49303
1	223895	0.29	37eba62e-e599-4981-8e90-ccdaecb49303
1	224068	0.94	37eba62e-e599-4981-8e90-ccdaecb49303
1	224620	0.72	37eba62e-e599-4981-8e90-ccdaecb49303
1	224656	0.17	37eba62e-e599-4981-8e90-ccdaecb49303
1	225473	0.83	37eba62e-e599-4981-8e90-ccdaecb49303
1	225483	0.88	37eba62e-e599-4981-8e90-ccdaecb49303
1	225789	0.99	37eba62e-e599-4981-8e90-ccdaecb49303
1	226484	0.86	37eba62e-e599-4981-8e90-ccdaecb49303
1	227973	0.96	37eba62e-e599-4981-8e90-ccdaecb49303
1	228513	0.29	37eba62e-e599-4981-8e90-ccdaecb49303